j = 424
kx = -0.00141191
ky = 0.999993
kz = -0.0034223
Erefx = -3.90645; -2.22463
Erefy = -0.480859; -1.07499
Erefz = 20.3844; 15.6351
Hrefx = 0.0396465; 0.030509
Hrefy = -0.0376183; -0.0283838
Hrefz = 0.00671953; 0.00233405
thetaLoc = 1.94816
refE = {0.0110072; 0.0399647}
refH = {-0.0880416; -0.0958761}
totalNumber = 202914
